62 96
62 148 
62 197 
61 243 
61 291 
62 339 
62 387 
62 432 
64 479 
64 527 
63 576 
63 624 
760 234
759 284
759 331
758 379
760 426
761 473
760 521
762 569
760 618
512 95 
514 143
514 188
514 237
514 287
514 332
514 381
514 427
516 525
516 570
517 619
410 93 
410 144
412 191
411 240
411 286
412 336
412 382
411 429
412 524
412 572
413 619
905 144
906 190
909 238
910 285
911 332
912 381
912 428
913 477
912 525
912 571
913 619
759 186
758 140
755 89
160 98
161 148
161 195
161 243
161 290
162 337
163 384
164 434
165 479
165 526
164 574
164 621